1664155
9078
5909
9993
5901
9981
1662215
6194
8799
9990
8791
9978
1637670
6526
6530
9993
6526
9967
1639208
4988
4992
9984
4988
9958
1637689
6061
8915
9989
8911
9963
1637056
6680
8282
9990
8278
9964
1637952
9176
9178
9997
9174
9971
1721331
5874
9118
9995
9108
9985
1719962
7243
7749
9997
7739
9987
1720186
5129
5139
9990
5129
9980
1721428
9209
9215
9997
9205
9987
1718893
6670
6680
9986
6670
9976
1696278
8851
6090
9996
6086
9956
1693248
5653
9288
9997
9284
9957
1693756
5155
9796
9995
9792
9955
1693925
4982
4982
4982
4982
4982
1693452
9494
9492
9995
9488
9955
1651297
9034
9046
9993
9034
9979
1650862
6379
8611
9996
8599
9982
1649841
7406
7590
9996
7578
9982
1649816
7423
7565
9990
7553
9976
1740496
6091
8886
9991
8884
9975
1741013
9210
5765
9989
5763
9973
1741368
5408
5410
9994
5408
9978
1740149
6436
8539
9996
8537
9980
1740682
8893
6096
9995
6094
9979
1740175
8382
6603
9994
6601
9978
1687327
8766
8800
9996
8762
9956
1685618
7005
7043
9991
7005
9951
1686497
8811
6164
9993
6126
9953
1688464
5038
9937
9995
9899
9955
1669318
6171
6179
9991
6171
9967
1671297
6779
8190
9996
8182
9972
1672810
5284
9703
9993
9695
9969
1672519
9404
9412
9988
9404
9964
1670225
7110
7118
9992
7110
9968
1664662
8746
6234
9988
6208
9958
1665843
6369
8609
9997
8583
9967
1664653
6219
6243
9997
6217
9967
1666218
5994
8984
9993
8958
9963
1664214
6954
6980
9987
6954
9957
1665924
6288
8690
9994
8664
9964
1657183
8921
8895
9997
8889
9985
1659759
6313
6319
9985
6313
9973
1658082
7990
7996
9993
7990
9981
1659136
8043
6942
9997
6936
9985
1659774
8685
6304
9994
6298
9982
1707980
7466
7480
9989
7466
9913
1706463
5949
5963
9990
5949
9914
1708619
6778
8119
9996
8105
9920
1708803
8297
8303
9994
8289
9918
1707261
8136
6761
9994
6747
9918
1635382
7026
7042
9994
7018
9964
1637444
5872
9104
9997
9080
9967
1635546
7780
7206
9995
7182
9965
1637160
6156
8820
9994
8796
9964
1635893
5185
5209
9993
5185
9963
1633949
7943
7049
9990
7043
9980
1635144
5848
5854
9978
5848
9968
1635512
9514
5486
9997
5480
9987
1632783
8209
8215
9995
8209
9985
1631974
5970
9024
9997
9018
9987
1706678
9899
9901
9996
9885
9972
1703190
8564
6413
9997
6397
9973
1705511
6245
8734
9997
8718
9973
1704331
7423
7554
9995
7538
9971
1705316
8523
8539
9985
8523
9961
1734533
5015
9972
9997
9970
9989
1734191
6174
6168
9996
6166
9988
1732578
6970
8017
9995
8015
9987
1733168
7796
7191
9994
7189
9986
1733977
8609
6382
9991
6380
9983
1716034
6674
6698
9975
6674
9919
1718643
9289
9307
9996
9283
9940
1717028
7670
7692
9997
7668
9941
1717265
7909
7929
9996
7905
9940
1718820
9470
9484
9994
9460
9938
1647972
7227
7241
9990
7227
9966
1649414
8669
8683
9994
8669
9970
1649451
6261
8720
9993
8706
9969
1649124
9584
5393
9995
5379
9971
1658429
7940
7010
9997
7000
9959
1658140
5507
5505
9992
5495
9954
1657984
9289
5661
9995
5651
9957
1657538
6109
6119
9985
6109
9947
1659134
7705
7715
9991
7705
9953
1643989
7260
7726
9996
7722
9986
1645836
9569
9573
9992
9569
9982
1646041
9774
9778
9987
9774
9977
1644846
8605
8583
9996
8579
9986
1644555
6700
8292
9997
8288
9987
1700370
6212
6220
9995
6212
9965
1700756
5826
5834
9987
5826
9957
1700168
8538
6422
9997
6414
9967
1700722
5866
5868
9997
5860
9967
1700002
7800
7804
9996
7796
9966
1759295
6001
8992
9997
8984
9989
1757957
7646
7654
9994
7646
9986
1756882
6015
6023
9991
6015
9983
1757740
9828
5165
9996
5157
9988

